4294967278,62
4294967278,61
4294967278,60
4294967278,59
4294967279,86
4294967279,85
4294967279,84
4294967279,83
4294967279,80
4294967279,79
4294967279,78
4294967279,77
4294967279,76
4294967279,75
4294967279,74
4294967279,72
4294967279,69
4294967279,68
4294967279,67
4294967279,66
4294967279,65
4294967279,63
4294967279,60
4294967279,59
4294967279,58
4294967279,56
4294967279,55
4294967279,53
4294967279,52
4294967279,50
4294967279,49
4294967279,46
4294967279,44
4294967279,43
4294967279,40
4294967279,38
4294967279,36
4294967279,35
4294967279,34
4294967279,32
4294967279,29
4294967279,25
4294967279,24
4294967279,21
4294967279,20
4294967279,19
4294967279,16
4294967279,15
4294967279,12
4294967279,11
4294967278,132
4294967278,131
4294967278,130
4294967278,129
4294967278,128
4294967278,127
4294967278,126
4294967278,125
4294967278,124
4294967278,123
4294967278,122
4294967278,121
4294967278,120
4294967278,119
4294967278,118
4294967278,117
4294967278,116
4294967278,115
4294967278,114
4294967278,113
4294967278,112
4294967278,110
4294967278,109
4294967278,108
4294967278,107
4294967278,106
4294967278,105
4294967278,104
4294967278,103
4294967278,102
4294967278,101
4294967278,100
4294967278,99
4294967278,98
4294967294,128
4294967278,144
4294967294,186
4294967279,143
4294967294,0
4294967294,999
456,2
4294967294,5
4294967294,9
4294967294,107
474,3
468,3
466,3
478,3
476,3
458,3
460,3
472,3
4294967294,394
4294967294,29
4294967279,142
4294967294,89
4294967294,196
4294967294,1002
4294967294,91
4294967294,90
4294967294,87
4294967294,86
4294967294,85
4294967294,84
4294967294,150
4294967294,129
4294967294,149
4294967294,419
4294967294,28
4294967294,53
4294967294,1418
4294967294,45
4294967294,427
4294967294,44
456,3
4294967278,283
4294967278,97
4294967278,96
4294967278,95
4294967278,94
4294967278,93
4294967278,92
4294967278,91
4294967278,90
4294967278,89
4294967278,87
4294967278,86
4294967278,85
4294967278,84
4294967278,83
4294967278,82
4294967278,81
4294967278,80
4294967278,79
4294967278,78
4294967278,77
4294967278,76
4294967278,75
4294967278,74
4294967278,73
4294967278,72
4294967278,71
4294967278,70
4294967278,69
4294967278,68
4294967278,67
4294967278,66
4294967278,65
4294967278,64
4294967278,63
4294967279,82
4294967279,81
4294967279,73
4294967279,71
4294967279,70
4294967279,64
4294967279,62
4294967279,61
4294967279,57
4294967279,54
4294967279,51
4294967279,48
4294967279,47
4294967279,45
4294967279,42
4294967279,41
4294967279,39
4294967279,37
4294967279,33
4294967279,31
4294967279,30
4294967279,28
4294967279,27
4294967279,26
4294967279,23
4294967279,22
4294967279,18
4294967279,17
4294967279,14
4294967279,13
4294967279,10
4294967279,9
4294967279,8
4294967279,7
4294967279,6
4294967279,5
4294967279,4
450,4
4294967278,400
4243767290,0
452,4
4294967279,139
4294967278,139
4294967278,138
4294967279,272
4294967278,277
4294967279,136
4294967278,136
4294967279,135
4294967278,135
4294967279,134
4294967278,134
4294967278,133
4294967279,271
4294967294,18
4294967294,127
4294967294,14
4294967294,126
4294967294,20
4294967294,13
4294967294,119
4294967278,276
463,4
4294967294,7
4294967294,142
4294967294,141
4294967294,139
4294967294,138
4294967294,133
4294967294,1016
4294967294,992
4294967294,990
4294967294,989
4294967294,988
4294967294,987
4294967294,60
4294967278,111
4294967279,89
4294967279,87
4294967279,0
4294967279,260
4294967278,434
4294967294,6
4294967279,267
476,208
476,127
476,126
476,125
476,124
476,123
476,122
476,121
476,120
476,119
476,118
476,117
476,116
476,115
476,114
476,113
476,112
476,111
476,110
476,109
476,108
476,107
476,106
476,105
476,104
476,103
476,102
476,101
476,100
476,99
476,98
476,97
476,96
476,95
476,94
476,93
476,92
476,91
476,90
476,89
476,88
476,87
476,86
476,85
476,84
476,83
476,82
476,81
476,80
476,79
476,78
476,77
476,76
476,75
476,74
476,73
4294967278,287
4294967279,279
4294967278,274
4294967279,280
4294967278,273
476,141
476,136
4294967278,270
4294967279,265
4294967278,269
4294967279,264
4294967278,268
4294967278,267
476,218
4294967279,262
4294967278,281
4294967279,261
4294967278,265
476,200
4294967278,325
4294967278,264
4294967278,285
476,224
476,140
476,130
476,247
476,226
476,129
476,254
476,231
476,221
476,198
476,207
476,248
476,227
476,131
476,255
476,232
476,201
476,222
476,199
476,194
4294967278,262
4294967278,261
4294967279,254
4294967278,278
4294967279,253
4294967278,258
4294967279,515
4294967278,257
4294967279,559
4294967278,371
4294967279,514
4294967278,370
4294967279,538
4294967278,345
4294967279,537
476,134
4294967278,344
4294967279,513
4294967278,322
4294967279,512
4294967278,321
4294967279,319
4294967278,254
476,215
4294967279,318
4294967278,320
4294967279,250
4294967278,253
4294967279,249
476,216
4294967278,250
4294967279,248
4294967278,248
4294967279,247
4294967278,246
476,133
476,132
4294967279,245
476,193
4294967278,244
4294967279,243
4294967278,242
4294967279,241
4294967278,240
4294967279,239
4294967278,238
4294967279,237
4294967278,237
4294967279,236
4294967278,236
4294967279,235
4294967278,234
4294967279,233
4294967278,232
4294967279,231
4294967278,230
4294967279,229
4294967278,228
4294967279,227
4294967278,226
4294967279,225
476,253
4294967278,224
476,210
476,223
476,238
476,220
4294967279,223
476,128
4294967278,222
4294967279,221
476,72
4294967278,220
476,195
476,192
476,71
4294967279,219
476,70
476,69
4294967278,218
476,68
476,67
4294967279,217
476,66
476,65
4294967278,216
476,0
476,64
4294967279,215
476,139
4294967278,214
0,5
476,383
476,4
476,138
476,1
476,137
476,2
476,252
4294967279,316
4294967278,565
4294967278,564
4294967278,563
4294967278,562
4294967278,561
4294967278,560
4294967278,559
4294967278,558
4294967278,557
4294967278,556
4294967278,555
4294967278,554
4294967278,553
4294967278,552
4294967278,551
4294967278,550
4294967278,549
4294967278,548
4294967278,547
4294967278,546
4294967278,545
4294967278,544
4294967278,543
4294967278,542
4294967278,541
4294967278,540
4294967278,539
4294967278,538
4294967278,537
4294967278,536
4294967278,535
4294967278,534
4294967278,533
4294967278,532
4294967278,531
4294967278,530
4294967278,529
4294967278,528
4294967278,527
4294967278,526
4294967278,525
4294967278,524
4294967278,523
4294967278,522
4294967278,521
4294967278,520
4294967278,519
4294967278,518
4294967278,517
4294967278,516
4294967278,515
4294967278,514
